time,potValue,range
0,0,230
200,0,230
401,0,230
602,0,230
802,0,230
1003,0,230
1204,0,230
1404,0,230
1605,0,230
1806,0,230
2007,0,230
2207,0,230
2408,0,230
2609,0,230
2809,0,230
3010,0,230
3211,0,230
3411,0,230
3612,0,230
3813,0,230
4014,0,230
4214,0,230
4415,0,230
4616,0,230
4816,0,230
5017,0,230
5218,0,230
5419,0,230
5619,0,230
5820,0,230
6021,0,230
6221,0,230
6422,0,230
6623,0,230
6823,0,230
7024,0,230
7225,0,230
7426,0,230
7626,0,230
7827,12,230
8028,140,230
8228,171,230
8429,171,230
8630,171,230
8830,172,230
9031,277,230
9232,381,229
9433,451,230
9633,472,230
9834,502,231
10035,525,230
10236,526,231
10437,525,230
10638,526,231
10839,525,230
11039,526,231
11240,525,232
11441,526,230
11641,526,231
11843,525,231
12044,526,231
12244,525,231
12445,526,231
12646,525,231
12847,526,232
13047,525,231
13248,525,230
13450,525,232
13650,525,231
13851,526,232
14052,525,231
14253,526,232
14453,525,232
14654,525,232
14855,525,232
15056,525,232
15257,525,233
15458,525,232
15659,526,233
15859,525,232
16060,525,233
16261,525,233
16461,525,233
16663,525,233
16864,525,233
17064,525,235
17265,525,233
17466,526,234
17667,525,233
17867,525,234
18069,525,233
18270,525,234
18470,525,233
18671,525,234
18872,525,234
19073,525,232
19273,526,234
19474,525,234
19676,525,234
19876,525,234
20077,525,234
20278,525,234
20478,525,234
20679,525,234
20880,525,234
21081,525,235
21282,525,234
21483,525,235
21684,525,234
21884,525,235
22085,525,234
22286,525,235
22487,525,234
22687,525,235
22889,525,234
23090,525,234
23290,525,235
23491,525,234
23692,525,235
23892,525,234
24093,525,235
24295,525,235
24496,525,235
24696,525,235
24897,525,235
25098,525,235
25298,525,235
25499,525,235
25700,525,235
25902,525,235
26102,525,235
26303,525,236
26504,525,235
26704,525,236
26905,525,237
27106,525,235
27307,525,236
27508,525,235
27709,525,236
27910,525,236
28110,525,236
28311,525,236
28512,525,236
28712,525,236
28913,525,235
29115,525,236
29316,525,236
29516,525,236
29717,525,236
29918,525,237
30118,525,236
30319,525,237
30521,525,236
30722,525,237
30922,525,238
31123,525,236
31324,525,237
31524,524,236
31725,525,237
31926,525,237
32128,525,237
32328,525,236
32529,525,237
32730,525,237
32930,525,236
33131,525,237
33332,525,236
33532,525,237
33734,524,237
33935,525,237
34136,524,237
34336,525,237
34537,525,237
34738,525,237
34938,524,237
35139,524,236
35341,525,237
35542,524,237
35742,525,237
35943,524,237
36144,525,237
36344,524,237
36545,525,237
36747,524,238
36947,525,237
37148,525,237
37349,524,237
37550,525,238
37750,524,237
37951,525,237
38152,524,237
38353,525,237
38554,524,237
38755,525,236
38956,525,238
39156,525,237
39357,525,238
39558,524,237
39758,525,237
39960,524,237
40161,525,237
40361,524,237
40562,525,237
40763,524,238
40964,524,237
41164,525,237
41365,525,237
41567,525,237
41767,524,237
41968,525,237
42169,524,237
42370,525,237
42570,524,237
42771,525,236
42973,525,237
43173,524,237
43374,525,238
43575,524,237
43776,525,237
43976,524,237
44177,525,237
44378,524,237
44579,525,237
44780,524,237
44981,524,236
45181,525,237
45382,524,236
45583,525,237
45784,524,237
45984,525,237
46186,524,237
46387,525,237
46587,524,239
46788,525,237
46989,525,237
47190,524,237
47390,525,237
47591,524,237
47793,525,237
47993,524,237
48194,525,237
48395,524,237
48595,525,237
48796,525,237
48997,524,237
49199,525,237
49399,524,237
49600,524,237
49801,524,237
50001,525,238
50202,524,237
50403,525,237
50604,524,239
50805,525,237
51006,525,238
51207,524,237
51407,524,238
51608,524,237
51809,525,238
52009,524,237
52210,525,238
52412,524,237
52613,525,236
52813,525,237
53014,524,237
53215,525,237
53415,524,237
53616,525,237
53817,524,237
54019,524,237
54219,524,237
54420,525,237
54621,524,237
54821,524,237
55022,525,237
55223,524,237
55425,524,237
55625,524,237
55826,524,238
56027,524,237
56227,525,238
56428,524,237
56629,525,236
56829,524,238
57031,524,237
57232,525,238
57433,524,237
57633,525,238
57834,524,237
58035,525,238
58235,524,237
58436,525,237
58638,524,238
58839,524,237
59039,525,238
59240,524,237
59441,525,238
59641,524,237
59842,525,238
60044,524,237
60244,525,238
60445,524,238
60646,525,237
60847,524,238
61047,524,237
61248,525,238
61449,524,237
61650,525,238
61851,524,237
62052,525,238
62253,524,237
62453,525,236
62654,525,238
62855,524,237
63055,525,238
63257,524,237
63458,524,237
63659,524,237
63859,524,237
64060,524,237
64261,524,237
64461,524,239
64662,527,238
64864,637,238
65064,921,238
65265,1023,238
65466,1023,238
65667,1023,238
65867,1023,238
66069,1023,238
66270,1023,238
66470,1023,238
66671,1023,238
66872,1023,238
67073,1023,238
67274,1023,238
67475,1023,238
67676,1023,238
67876,1023,238
68077,1023,238
68279,1023,238
68480,1023,239
68680,1023,239
68881,1023,239
69082,1023,239
69282,1023,239
69484,1023,239
69685,1023,239
69885,1023,239
70086,1023,239
70287,1023,239
70488,1023,239
70689,1023,240
70890,1023,240
71091,1023,240
71291,1023,240
71492,1023,240
71694,1023,240
71895,1023,240
72095,1023,240
72296,1023,240
72497,1023,240
72697,1023,240
72899,1023,240
73100,1023,241
73300,1023,241
73501,1023,241
73702,1023,241
73903,1023,241
74104,1023,241
74305,1023,241
74506,1023,241
74706,1023,241
74907,1023,241
75108,1023,241
75310,1023,241
75510,1023,241
75711,1023,242
75912,1023,242
76112,1023,242
76314,1023,242
76515,1023,242
76716,1023,242
76916,1023,242
77117,1023,242
77318,1023,242
77519,1023,242
77720,1023,242
77921,1023,242
78121,1023,242
78322,1023,242
78523,1023,242
78725,1023,242
78925,1023,242
79126,1023,243
79327,1023,242
79527,1023,243
79729,1023,242
79930,1023,243
80131,1023,243
80331,1023,243
80532,1023,243
80733,1023,243
80934,1023,243
81135,1023,243
81336,1023,243
81537,1023,243
81737,1023,243
81938,1023,243
82140,1023,243
82340,1023,243
82541,1023,243
82742,1023,243
82942,1023,243
83144,1023,243
83345,1023,243
83546,1023,243
83746,1023,243
83947,1023,244
84148,1023,244
84349,1023,244
84550,1023,244
84751,1023,244
84952,1023,244
85152,1023,244
85353,1023,244
85555,1023,244
85755,1023,244
85956,1023,244
86157,1023,244
86358,1023,244
86559,1023,244
86760,1023,244
86961,1023,244
87161,1023,244
87362,1023,244
87563,1023,244
87764,1023,244
87965,1023,244
88166,1023,244
88367,1023,244
88567,1023,244
88768,1023,244
88970,1023,244
89170,1023,244
89371,1023,245
89572,1023,245
89773,1023,244
89974,1023,245
90175,1023,245
90376,1023,245
90576,1023,245
90777,1023,245
90978,1023,245
91180,1023,245
91380,1023,245
91581,1023,245
91782,1023,245
91982,1023,245
92183,1023,245
92385,1023,245
92585,1023,245
92786,1023,245
92987,1023,245
93188,1023,245
93388,1023,245
93590,1023,245
93791,1023,245
93991,1023,245
94192,1023,245
94393,1023,245
94595,1023,245
94795,1023,245
94996,1023,245
95197,1023,245
95397,1023,245
95598,1023,245
95800,1023,245
96001,1023,245
96201,1023,245
96402,1023,245
96603,1023,245
96803,1023,245
97005,1023,245
97206,1023,245
97406,1023,245
97607,1023,245
97808,1023,245
98010,1023,245
98210,1023,245
98411,1023,245
98612,1023,246
98812,1023,245
99013,1023,246
99215,1023,246
99416,1023,245
99616,1023,246
99817,1023,246
100018,1023,246
100219,1023,245
100420,1023,246
100621,1023,246
100822,1023,246
101022,1023,246
101224,1023,246
101425,1023,246
101625,1023,246
101826,1023,246
102027,1023,246
102228,1023,246
102429,1023,246
102630,1023,246
102831,1023,246
103032,1023,246
103233,1023,246
103434,1023,246
103634,1023,245
103835,1023,246
104037,1023,246
104238,1023,246
104438,1023,246
104639,1023,246
104840,1023,246
105041,1023,246
105242,1023,246
105443,1023,245
105644,1023,246
105845,1023,246
106046,1023,246
106247,1023,245
106447,1023,245
106648,1023,246
106850,1023,246
107051,1023,246
107251,1023,246
107452,1023,246
107654,1023,246
107854,1023,246
108055,1023,246
108256,1023,246
108456,1023,246
108658,1023,246
108859,1023,246
109060,1023,246
109260,1023,246
109461,1023,246
109663,1023,246
109863,1023,246
110064,1023,246
110265,1023,246
110467,1023,246
110667,1023,246
110868,1023,246
111069,1023,246
111269,1023,246
111471,1023,246
111672,1023,246
111873,1023,246
112073,1023,246
112275,1023,246
112476,1023,246
112676,1023,246
112877,1023,246
113078,1023,246
113280,1023,246
113480,1023,246
113681,1023,246
113882,1023,246
114082,1023,246
114284,1023,246
114485,1023,246
114685,1023,246
114886,1023,246
115088,1023,246
115289,1023,246
115489,1023,246
115690,1023,246
115891,1023,246
116092,1023,246
116293,1023,246
116494,1023,246
116695,1023,246
116896,1023,246
117097,1023,246
117298,1023,246
117498,1023,246
117699,1023,246
117901,1023,246
118102,1023,246
118302,1023,246
118503,1023,246
118704,1023,246
118905,1023,246
119106,1023,246
119307,1023,246
119507,1023,246
119709,1023,246
119910,1023,246
120111,1023,246
120311,1023,246
120512,1023,246
120714,1023,246
120914,1023,246
121115,1023,246
121316,1023,246
121518,1023,246
121718,1023,246
121919,1023,246
122120,1023,246
122320,1023,246
122522,1023,246
122723,1023,246
122924,1023,246
123124,1023,247
123325,1023,246
123527,1023,246
123727,1023,246
123928,1023,246
124129,1023,246
124331,1023,247
124531,1023,246
124732,1023,247
124933,1023,247
125133,1023,246
125335,1023,247
125536,1023,246
125736,1023,247
125937,1023,246
126139,1023,247
126340,1023,247
126540,1023,246
126741,1023,247
126942,1023,246
127143,1023,247
127344,1023,246
127545,1023,247
127746,1023,247
127946,1023,247
128148,1023,247
128349,1023,247
128549,1023,247
128750,1023,247
128952,1023,247
129153,1023,247
129353,1023,247
129554,1023,247
129755,1023,247
129956,1023,247
130157,1023,247
130358,1023,247
130558,1023,247
130760,1023,247
130961,1023,247
131162,1023,247
131362,1023,247
131563,1023,247
131765,1023,247
131965,1023,247
132166,1023,247
132367,1023,247
132568,1023,247
132769,1023,247
132970,1023,247
133171,1023,247
133371,1023,247
133573,1023,247
133774,1023,247
133975,1023,247
134175,1023,247
134376,1023,247
134578,1023,247
134778,1023,247
134979,1023,247
135180,1023,247
135382,1023,247
135582,1023,247
135783,1023,248
135984,1023,247
136184,1023,248
136386,1023,248
136587,1023,248
136787,1023,248
136988,1023,247
137189,1023,248
137391,1023,247
137591,1023,248
137792,1023,248
137993,1023,248
138194,1023,248
138395,1023,248
138596,1023,248
138797,1023,248
138997,1023,248
139199,1023,248
139400,1023,248
139600,1023,248
139801,1023,248
140003,1023,248
140204,1023,248
140404,1023,248
140605,1023,248
140806,1023,248
141007,1023,247
141208,1023,247
141409,1023,247
141609,1023,247
141810,1023,247
142012,1023,247
142213,1023,247
142413,1023,247
142614,1023,247
142816,1023,247
143016,1023,247
143217,1023,247
143418,1023,247
143619,1023,247
143820,1023,247
144021,1023,247
144222,1023,247
144422,1023,247
144624,1023,247
144825,1023,247
145026,1023,247
145226,1023,247
145427,1023,247
145629,1023,247
145829,1023,247
146030,1023,247
146231,1023,247
146432,1023,247
146633,1023,247
146834,1023,247
147035,1023,247
147235,1023,247
147437,1023,247
147638,1023,247
147838,1023,247
148039,1023,247
148240,1023,247
148442,1023,247
148642,1023,247
148843,1023,247
149044,1023,247
149244,1023,247
149446,1023,247
149647,1023,247
149848,1023,247
150048,1023,247
150250,1023,247
150451,1023,247
150651,1023,247
150852,1023,247
151053,1023,247
151255,1023,247
151455,1023,247
151656,1023,247
151857,1023,247
152058,1023,247
152259,1023,247
152460,1023,247
152660,1023,247
152861,1023,247
153063,1023,247
153264,1023,247
153464,1023,247
153665,1023,247
153866,1023,247
154067,1023,247
154268,1023,247
154469,1023,247
154670,1023,247
154871,1023,247
155072,1023,247
155273,1023,247
155473,1023,247
155674,1023,248
155876,1023,248
156077,1023,248
156277,1023,248
156478,1023,248
156680,1023,248
156880,1023,248
157081,1023,248
157282,1023,248
157483,1023,248
157684,1023,247
157885,1023,248
158086,1023,248
158286,1023,248
158487,1023,248
158689,1023,248
158889,1023,248
159090,1023,248
159291,1023,248
159493,1023,248
159693,1023,248
159894,1023,248
160095,1023,248
160295,1023,248
160497,1023,248
160698,1023,248
160899,1023,248
161099,1023,248
161301,1023,248
161502,1023,248
161702,1023,248
161903,1023,248
162104,1023,248
162306,1023,248
162506,1023,248
162707,1023,248
162908,1023,248
163108,1023,248
163310,1023,248
163511,1023,248
163712,1023,248
163912,1023,248
164114,1023,248
164315,1023,248
164515,1023,248
164716,1023,248
164917,1023,248
165118,1023,248
165319,1023,248
165520,1023,248
165721,1023,248
165922,1023,248
166123,1023,248
166324,1023,248
166524,1023,248
166725,1023,248
166927,1023,248
167128,1023,248
167328,1023,248
167529,1023,248
167730,1023,248
167931,1023,248
168132,1023,248
168333,1023,248
168534,1023,248
168735,1023,248
168936,1023,248
169137,1023,248
169337,1023,248
169538,1023,248
169740,1023,248
169940,1023,248
170141,1023,248
170342,1023,248
170543,1023,248
170744,1023,248
170945,1023,248
171146,1023,248
171346,1023,248
171548,1023,248
171749,1023,247
171950,1023,247
172150,1023,248
172351,1023,248
172553,1023,247
172753,1023,248
172954,1023,248
173155,1023,248
173357,1023,248
173557,1023,248
173758,1023,248
173959,1023,248
174159,1023,248
174361,1023,248
174562,1023,248
174763,1023,248
174963,1023,248
175164,1023,248
175366,1023,248
175566,1023,248
175767,1023,248
175968,1023,248
176169,1023,248
176370,1023,248
176571,1009,248
176772,852,248
176972,382,248
177174,70,249
177375,0,247
177575,0,248
177776,0,248
177977,0,247
178178,0,247
178378,0,247
178579,0,247
178780,0,247
178980,0,247
179181,0,246
179383,0,247
179584,0,246
179784,0,246
179985,0,246
180186,0,246
180386,0,246
180587,0,246
180788,0,245
180988,0,246
181189,0,245
181390,0,245
181591,0,245
181792,0,245
181993,0,244
182194,0,244
182394,0,244
182595,0,244
182796,0,243
182996,0,243
183197,0,243
183398,0,243
183599,0,242
183799,0,242
184001,0,242
184202,0,242
184402,0,242
184603,0,242
184804,0,241
185005,0,241
185205,0,241
185406,0,241
185607,0,241
185807,0,240
186008,0,240
186209,0,240
186411,0,240
186611,0,240
186812,0,240
187013,0,240
187213,0,240
187414,0,239
187615,0,239
187815,0,239
188016,0,239
188217,0,239
188418,0,239
188618,0,238
188820,0,238
189021,0,238
189221,0,238
189422,0,238
189623,0,238
189824,0,238
190024,0,238
190225,0,237
190426,0,237
190626,0,237
190827,0,237
191029,0,237
191229,0,237
191430,0,237
191631,0,237
191832,0,237
192032,0,236
192233,0,236
192434,0,236
192634,0,236
192835,0,236
193036,0,236
193236,0,236
193438,0,235
193639,0,236
193840,0,235
194040,0,235
194241,0,235
194442,0,235
194642,0,235
194843,0,235
195044,0,235
195245,0,235
195445,0,235
195647,0,234
195848,0,234
196048,0,234
196249,0,234
196450,0,234
196651,0,234
196851,0,234
197052,0,234
197253,0,234
197453,0,234
197654,0,233
197855,0,233
198056,0,233
198257,0,233
198458,0,233
198659,0,233
198859,0,233
199060,0,233
199261,0,233
199461,0,233
199662,0,233
199863,0,233
200064,0,233
200264,0,233
200466,0,232
200667,0,233
200867,0,232
201068,0,232
201269,0,232
201469,0,232
201670,0,232
201871,0,232
202072,0,232
202272,0,232
202473,0,232
202675,0,232
202875,0,232
203076,0,232
203277,0,232
203478,0,232
203678,0,232
203879,0,232
204080,0,231
204280,0,232
204481,0,231
204682,0,232
204882,0,232
205084,0,231
205285,0,231
205486,0,232
205686,0,231
205887,0,231
206088,0,231
206288,0,231
206489,0,231
206690,0,231
206891,0,231
207091,0,231
207292,0,231
207494,0,231
207694,0,231
207895,0,231
208096,0,231
208296,0,231
208497,0,231
208698,0,231
208899,0,231
209099,0,231
209300,0,231
209501,0,231
209702,0,231
209903,0,231
210104,0,231
210305,0,231
210505,0,231
210706,0,231
210907,0,231
211107,0,231
211308,0,231
211509,0,231
211709,0,231
211910,0,231
212112,0,231
212313,0,231
212513,0,230
212714,0,231
212915,0,231
213115,0,230
213316,0,230
213517,0,231
213718,0,230
213918,0,230
214119,0,230
214320,0,230
214521,0,231
214722,0,230
214923,0,230
215123,0,230