time,range
1504,151
2988,108
4468,332
5948,501
7432,630
8924,727
10416,800
15896,308
27336,822
38776,481
50216,251
61660,767
73092,579
84536,201
95976,616
107416,661
119900,215
132376,315
144860,767
157336,660
169820,215
182296,315
194780,768
207252,660
219740,215
232216,315
244700,768
257176,661
269660,214
282132,315
294620,768
307096,661
319580,215
332052,315
344540,768
357016,660
369500,215
381972,315
394460,768
406936,660
419420,215
431896,315
444380,768
456856,661
469340,214
481816,315
494300,768
506776,661
519260,216
531736,315
544220,768
556692,661
569180,215
581656,315
594140,768
606616,660
619100,215
631576,315
644060,768
656536,661
669020,215
681496,315
693980,768
706456,661
718940,215
731416,315
743900,768
756376,660
768860,215
781332,315
793820,768
806296,660
818780,215
831256,315
843740,768
856216,660
868700,215
881176,315
893660,768
906136,661
918620,215
931096,315
943580,768
956052,661
968540,215
981016,315
993500,768
1005976,660
1019492,361
1033016,201
1046536,394
1060060,768
1073576,726
1087092,482
1100616,161
1114136,315
1127656,616
1141176,780
1154696,580
1168220,215
1181736,252
1195256,494
1208772,824
1222296,661
1235816,362
1249336,201
1262856,394
1276380,768
1289892,726
1303416,482
1316936,161
1330456,315
1343976,616
1357496,780
1371016,580
1384540,215
1398056,252
1411576,493
1425092,824
1438612,661
1452136,362
1465656,201
1479176,394
1492700,768
1506216,726
1519736,482
1533256,161
1546772,315
1560296,616
1573812,780
1587336,580
1600860,215
1614376,251
1627892,493
1641416,823
1654936,661
1668456,361
1681976,201
1695496,394
1709020,768
1722536,726
1736052,481
1749576,161
1763096,315
1776612,615
1790136,780
1803656,579
1817180,215
1830696,252
1844212,493
1857736,824
1871256,660
1884772,361
1898292,201
1911812,394
1925340,768
1938856,726
1952376,482
1965896,161
1979416,315
1992936,616
2006456,780
2019972,580
2033500,215
2047016,252
2060532,493
2074056,823
2087576,660
2101096,362
2114612,201
2128136,394
2141660,767
2155172,726
2168692,482
2182216,161
2195732,315
2209256,616
2222776,780
2236292,580
2249820,215
2263332,252
2276856,493
2290376,824
2303892,661
2317412,362
2330936,201
2344456,394
2357980,768
2371496,726
2385016,481
2398532,161
2412056,315
2425576,616
2439096,780
2452616,580
2466140,214
2479652,252
2493176,493
2506696,823
2520216,660
2533736,361
2547256,201
2560776,394
2574300,768
2587816,726
2601336,481
2614856,161
2628376,315
2641896,616
2655412,780
2668936,580
2682460,215
2695976,252
2709496,493
2723016,823
2736532,660
2750056,361
2763576,201
2777096,394
2790620,768
2804136,726
2817656,482
2831172,161
2844696,315
2858216,616
2871736,780
2885256,580
2898780,215
2912296,252
2925816,493
2939336,823
2952852,660
2966376,362
2979892,201
2993412,394
3006940,767
3020456,726
3033972,482
3047496,161
3061016,315
3074536,616
3088052,780
3101576,580
3115100,215
3128616,251
3142136,493
3155656,823
3169172,660
3182696,362
3196212,201
3209732,394
3223260,768
3236772,726
3250296,482
3263816,161
3277336,315
3290856,616
3304376,779
3317892,580
3331420,215
3344932,252
3358456,493
3371976,823
3385492,660
3399016,361
3412536,201
3426056,394
3439580,768
3453096,726
3466616,481
3480132,161
3493656,315
3507176,616
3520692,780
3534212,580
3547740,215
3561256,252
3574776,493
3588296,823
3601816,660
3615336,361
3628856,201
3642372,394
3655900,768
3669416,726
3682936,482
3696456,161
3709972,315
3723496,616
3737012,780
3750536,580
3764060,215
3777576,252
3791096,493
3804616,823
3818132,660
3831652,361
3845176,201
3858696,394
3872220,768
3885736,726
3899256,482
3912776,161
3926296,315
3939816,616
3953332,780
3966856,580
3980380,215
3993896,252
4007416,494
4020936,823
4034452,661
4047972,362
4061496,201
4075016,394
4088540,768
4102056,726
4115576,482
4129092,161
4142616,315
4156136,616
4169656,780
4183176,580
4196700,215
4210216,252
4223732,494
4237256,823
4250776,660
4264292,361
4277816,201
4291336,395
4304860,768
4318376,726
4331896,481
4345416,161
4358936,315
4372452,617
4385972,780
4399496,580
4413020,215
4426536,252
4440056,494
4453576,823
4467096,660
4480616,361
4494132,201
4507656,395
4521180,768
4534696,726
4548216,482
4561732,161
4575252,315
4588776,617
4602296,780
4615812,580
4629340,215
4642856,252
4656376,494
4669896,823
4683416,661
4696932,362
4710456,201
4723976,395
4737500,768
4751016,726
4764536,482
4778052,161
4791576,315
4805096,617
4818616,780
4832132,580
4845660,216
4859172,252
4872696,494
4886216,823
4899736,661
4913256,362
4926776,202
4940296,394
4953820,768
4967336,726
4980856,482
4994376,161
5007896,315
5021416,617
5034936,780
5048452,580
5061980,215
5075496,252
5089016,494
5102536,824
5116056,660
5129576,361
5143096,202
5156612,395
5170140,768
5183652,726
5197176,482
5210692,161
5224216,316
5237732,617
5251252,780
5264776,580
5278300,216
5291816,252
5305336,494
5318852,824
5332376,660
5345892,362
5359416,202
5372936,395
5386460,768
5399976,726
5413496,482
5427012,161
5440536,316
5454056,617
5467576,780
5481096,580
5494620,216
5508136,252
5521652,494
5535176,823
5548696,661
5562216,362
5575732,202
5589256,395
5602780,768
5616296,726
5629812,482
5643336,161
5656856,315
5670376,617
5683896,780
5697416,580
5710940,216
5724456,252
5737976,494
5751496,824
5765016,661
5778536,362
5792056,202
5805576,395
5819100,768
5832616,726
5846136,482
5859656,161
5873172,316
5886696,617
5900212,780
5913736,580
5927260,215
5940772,252
5954296,494
5967816,824
5981336,660
5994852,361
6008376,202
6021896,395
6035420,768
6048936,726
6062456,482
6075976,161
6089496,316
6103016,617
6116536,780
6130052,580
6143580,216
6157092,252
6170616,494
6184132,824
6197652,660
6211176,362
6224696,202
6238216,395
6251740,768
6265256,726
6278776,482
6292292,162
6305812,316
6319336,617
6332852,780
6346376,580
6359900,216
6373416,253
6386936,494
6400456,824
6413976,661
6427496,362
6441016,202
6454536,395
6468060,768
6481572,726
6495096,482
6508612,162
6522136,316
6535656,617
6549176,780
6562692,580
6576220,216
6589732,253
6603256,494
6616772,823
6630296,660
6643816,362
6657336,202
6670856,395
6684380,768
6697892,726
6711416,482
6724936,162
6738456,316
6751972,617
6765496,780
6779016,580
6792540,215
6806052,252
6819576,494
6833096,824
6846616,660
6860136,361
6873656,202
6887176,395
6900700,768
6914216,727
6927732,481
6941256,162
6954776,316
6968296,617
6981812,780
6995336,580
7008860,216
7022376,252
7035896,494
7049416,824
7062936,660
7076456,362
7089972,202
7103496,395
7117020,768
7130536,726
7144056,482
7157576,161
7171096,316
7184612,617
7198136,780
7211656,580
7225180,216
7238692,253
7252216,494
7265732,824
7279252,661
7292776,362
7306296,202
7319816,395
7333340,768
7346852,726
7360376,482
7373892,161
7387416,316
7400936,617
7414456,780
7427976,580
7441500,216
7455016,252
7468536,494
7482052,824
7495576,661
7509092,362
7522612,202
7536136,395
7549660,768
7563172,726
7576696,482
7590216,161
7603732,315
7617252,617
7630776,780
7644296,580
7657820,215
7671332,252
7684856,494
7698376,824
7711896,660
7725416,361
7738936,202
7752452,395
7765980,768
7779496,726
7793016,482
7806536,161
7820056,315
7833576,616
7847096,780
7860616,580
7874140,215
7887656,252
7901176,494
7914696,823
7928212,660
7941736,362
7955252,202
7968772,395
7982300,768
7995812,726
8009336,482
8022856,162
8036376,316
8049896,616
8063416,780
8076932,580
8090460,215
8103976,252
8117496,494
8131016,823
8144536,660
8158056,362
8171576,202
8185096,394
8198620,768
8212136,726
8225656,482
8239176,161
8252696,315
8266216,616
8279736,780
8293256,580
8306780,215
8320296,252
8333812,494
8347332,823
8360852,660
8374372,362
8387892,202
8401416,394
8414940,768
8428452,726
8441976,482
8455492,161
8469016,315
8482536,616
8496056,780
8509576,580
8523100,215
8536616,252
8550136,494
8563656,823
8577176,660
8590692,361
8604216,201
8617736,394
8631260,768
8644776,726
8658292,481
8671816,161
8685332,315
8698856,616
8712376,780
8725896,580
8739420,215
8752936,252
8766456,494
8779976,824
8793496,660
8807016,361
8820536,202
8834056,394
8847580,768
8861096,726
8874616,482
8888136,161
8901656,315
8915176,616
8928696,780
8942216,580
8955740,215
8969256,252
8982776,494
8996296,823
9009816,660
9023336,362
9036852,201
9050376,394
9063900,768
9077416,726
9090936,482
9104456,161
9117972,315
9131496,616
9145016,780
9158532,580
9172060,215
9185576,252
9199096,493
9212616,823
9226132,660
9239656,362
9253176,202
9266692,394
9280220,768
9293736,726
9307256,482
9320772,161
9334292,315
9347812,616
9361336,780
9374856,580
9388380,215
9401896,252
9415416,493
9428936,823
9442456,660
9455976,361
9469496,201
9483016,394
9496540,768
9510056,726
9523576,481
9537092,161
9550616,315
9564136,616
9577652,779
9591172,580
9604700,215
9618216,252
9631736,494
9645256,823
9658776,660
9672296,362
9685812,202
9699336,395
9712860,768
9726376,726
9739896,482
9753412,161
9766936,315
9780452,616
9793976,779
9807496,580
9821020,215
9834536,252
9848052,494
9861572,823
9875092,660
9888616,362
9902132,202
9915656,395
9929180,768
9942696,726
9956212,482
9969736,161
9983256,315
9996776,616
10010296,780
10024852,661
10039412,482
10053980,215
10068536,202
10083096,315
10097656,494
10112220,768
10126776,780
10141336,661
10155896,482
10170460,215
10185012,202
10199572,316
10214136,494
10228700,768
10243252,780
10257816,660
10272376,482
10286940,215
10301492,202
10316056,315
10330612,494
10345180,768
10359736,780
10374296,661
10388852,481
10403420,216
10417976,202
10432532,316
10447096,494
10461660,768
10476216,780
10490776,660
10505336,482
10519900,215
10534456,202
10549016,316
10563576,494
10578140,768
10592696,780
10607256,660
10621816,482
10636380,216
10650936,202
10665496,315
10680056,494
10694620,768
10709176,780
10723736,660
10738296,482
10752860,216
10767416,202
10781976,316
10796536,494
10811100,768
10825652,780
10840216,660
10854776,482
10869340,216
10883896,202
10898456,316
10913016,494
10927580,768
10942132,780
10956692,661
10971256,482
10985820,215
11000376,202
11014936,316
11029492,494
11044060,768
11058616,780
11073176,661
11087736,482
11102300,216
11116852,202
11131416,316
11145976,494
11160540,768
11175096,780
11189652,660
11204212,482
11218780,215
11233332,202
11247896,316
11262456,494
11277020,768
11291576,780
11306136,661
11320696,481
11335260,216
11349816,202
11364372,316
11378936,494
11393500,768
11408056,780
11422612,661
11437176,482
11451740,215
11466296,202
11480852,316
11495416,495
11509980,768
11524532,780
11539096,661
11553652,482
11568220,216
11582776,202
11597336,316
11611896,495
11626460,768
11641016,780
11655576,661
11670136,482
11684700,216
11699252,202
11713816,316
11728372,494
11742940,768
11757492,780
11772056,661
11786612,482
11801180,216
11815736,202
11830292,316
11844852,495
11859420,768
11873976,780
11888536,661
11903096,482
11917660,215
11932212,202
11946772,316
11961332,495
11975900,768
11990456,780
12005012,661
12019576,482
12034140,216
12048696,202
12063252,316
12077816,495
12092380,768
12106932,780
12121496,661
12136056,482
12150620,216
12165176,202
12179736,316
12194296,494
12208860,768
12223416,780
12237972,661
12252536,482
12267100,216
12281656,202
12296216,316
12310776,494
12325340,768
12339896,780
12354456,661
12369012,482
12383580,215
12398136,202
12412696,316
12427256,495
12441820,768
12456372,780
12470936,661
12485496,482
12500060,216
12514616,202
12529176,316
12543736,494
12558300,768
12572856,780
12587416,660
12601976,482
12616540,216
12631096,202
12645652,316
12660216,494
12674780,768
12689336,780
12703896,661
12718456,482
12733020,216
12747572,202
12762136,316
12776696,495
12791260,768
12805816,780
12820372,661
12834932,482
12849500,215
12864056,202
12878612,316
12893176,495
12907740,768
12922296,780
12936856,661
12951416,482
12965980,216
12980536,202
12995092,316
13009656,494
13024220,768
13038776,779
13053336,660
13067896,482
13082460,216
13097016,202
13111576,316
13126136,494
13140700,768
13155256,780
13169816,661
13184376,482
13198940,216
13213496,202
13228052,316
13242616,494
13257180,768
13271736,780
13286292,661
13300852,482
13315420,215
13329972,202
13344536,316
13359096,494
13373660,768
13388212,779
13402772,661
13417336,482
13431900,216
13446456,202
13461012,316
13475572,494
13490140,768
13504696,780
13519256,660
13533816,482
13548380,216
13562936,202
13577496,316
13592056,494
13606620,768
13621176,780
13635736,661
13650296,482
13664860,216
13679412,202
13693976,316
13708536,494
13723100,768
13737656,779
13752216,661
13766772,482
13781340,215
13795896,202
13810456,316
13825016,494
13839580,768
13854136,780
13868696,661
13883256,482
13897820,215
13912376,202
13926936,316
13941496,494
13956060,768
13970612,780
13985176,660
13999732,482
14014300,216
14028856,202
14043416,316
14057976,494
14072540,768
14087096,780
14101652,660
14116212,481
14130780,215
14145336,202
14159896,316
14174452,494
14189020,768
14203572,780
14218136,660
14232696,482
14247260,215
14261816,202
14276376,315
14290932,494
14305500,768
14320056,779
14334616,660
14349176,482
14363740,216
14378296,202
14392852,316
14407412,494
14421980,768
14436536,780
14451096,660
14465652,482
14480220,216
14494776,202
14509336,315
14523896,494
14538460,768
14553016,780
14567576,660
14582136,481
14596700,216
14611256,202
14625812,315
14640372,494
14654940,768
14669496,780
14684052,660
14698612,482
14713180,215
14727736,202
14742296,315
14756852,494
14771420,768
14785976,780
14800536,660
14815096,482
14829660,216
14844212,202
14858776,315
14873336,493
14887900,767
14902456,780
14917012,660
14931576,482
14946140,216
14960696,202
14975256,315
14989816,494
15004380,768
15018936,780
15033496,660
15048052,481
15062620,215
15077176,201
15091732,315
15106296,494
15120860,768
15135412,780
15149976,660
15164536,482
15179100,215
15193652,202
15208216,315
15222772,494
15237340,767
15251896,780
15266456,660
15281012,482
15295580,216
15310136,202
15324696,315
15339256,494
15353820,768
15368372,780
15382936,660
15397496,482
15412060,215
15426616,201
15441176,315
15455732,493
15470300,768
15484856,780
15499416,661
15513976,481
15528540,215
15543096,202
15557656,315
15572216,494
15586780,767
15601336,780
15615896,661
15630456,482
15645020,215
15659576,202
15674136,315
15688696,494
15703260,768
15717812,780
15732376,660
15746936,482
15761500,215
15776056,201
15790616,315
15805176,494
15819740,768
15834296,780
15848856,660
15863412,482
15877980,215
15892536,201
15907092,315
15921656,494
15936220,768
15950776,780
15965336,660
15979896,481
15994460,215
16009016,202
16023576,316
16038132,494
16052700,768
16067252,780
16081816,661
16096376,482
16110940,215
16125492,202
16140056,316
16154616,494
16169180,768
16183732,779
16198292,660
16212856,482
16227420,216
16241976,202
16256536,316
16271096,494
16285660,768
16300212,780
16314772,660
16329336,482
16343900,215
16358456,202
16373016,315
16387572,494
16402140,768
16416696,780
16431256,660
16445816,481
16460380,216
16474936,202
16489496,316
16504052,494
16518620,768
16533176,780
16547736,660
16562296,482
16576860,215
16591412,202
16605972,315
16620532,494
16635100,768
16649656,780
16664212,660
16678776,482
16693340,216
16707896,202
16722456,316
16737016,494
16751580,768
16766136,780
16780696,660
16795252,482
16809820,216
16824376,202
16838936,316
16853492,494
16868060,768
16882612,780
16897176,661
16911736,482
16926300,216
16940856,202
16955416,315
16969976,494
16984540,768
16999096,780
17013656,661
17028216,482
17042780,215
17057336,202
17071896,316
17086452,494
17101020,768
17115576,779
17130136,661
17144692,482
17159260,216
17173816,202
17188376,316
17202936,494
17217500,768
17232056,780
17246616,660
17261172,482
17275740,216
17290296,202
17304856,316
17319416,494
17333980,768
17348536,780
17363096,661
17377656,482
17392220,216
17406772,202
17421336,316
17435896,494
17450460,768
17465012,780
17479576,660
17494136,482
17508700,215
17523252,202
17537816,316
17552376,494
17566940,768
17581496,780
17596056,661
17610612,482
17625180,216
17639736,202
17654296,316
17668856,495
17683420,768
17697976,780
17712536,660
17727092,482
17741660,216
17756216,202
17770776,316
17785336,494
17799900,768
17814456,780
17829016,661
17843576,482
17858140,216
17872696,202
17887252,316
17901816,494
17916380,768
17930932,780
17945496,661
17960056,482
17974620,215
17989176,202
